0.43
-2.18
3.77
-4.83
6.99
-7.80
8.41
9.59
9.08
-9.33
8.98
-8.01
7.51
6.69
5.0
3.76
1.30
0.36
1.80
3.45

-5.12
-6.22
-7.56
-7.98
-8.01
-8.66
-8.44
-7.86
-3.74
-6.20
-4.76
-3.55
-1.37
-0.57
1.94
3.47
4.37
6.34
7.02
8.02

8.57
9.44
9.77
9.30
9.13
7.33
6.73
4.98
4.28
2.20
0.07
-1.03
-2.93
-4.20
-5.59
-7.07
-7.18
-7.75
-8.73

-8.59
-7.70
-7.10
-6.79
-5.01
-4.02
-1.82
-0.19
0.92
2.82
3.86
5.31
6.68
7.66
9.18
9.55
9.05
9.22
9.16

8.33
6.92
6.12
4.63
2.77
0.77
-0.71
-2.68
-3.39
-4.84
-6.3
-7.69
-8.33
-8.48
-8.00
-8.34
-7.45
-6.9
-5.30
-4.18
-3.13

99.0